# Created by Octave 5.1.0, Mon Mar 08 20:30:49 2021 +07 <phuloc@phuloc.ghostbsd-pc.home>
# name: error_train
# type: matrix
# rows: 1
# columns: 3102
 1.9808599207323945e-10 9.0200191800883922e-10 4.4044101700084369e-11 1.3340772931693149e-10 2.4718005420285036e-12 5.9135252252290204e-11 0.067303659619109168 0.060127207908411785 0.054273764215624139 0.049542897647327916 0.045529943313766627 0.19561714260490626 0.18554771926862076 0.17547088877474107 0.17117258755775791 0.18787172978039485 0.18427614424117261 0.17447744666176004 0.16833020794097622 0.16246967119964367 0.15692614023330803 0.16097568070782992 0.15601339743579595 0.19552426299700237 0.20399702538608652 0.19942443745240376 0.19494451677646887 0.19058525737165546 0.1863624361411107 0.18124771745101143 0.17744445126674632 0.17334059631336535 0.16983870604130938 0.23784191810911076 0.23320357911096626 0.23445355659135797 0.22848399336936553 0.22520290430387763 0.21986930644295372 0.21464358672042683 0.21180231652047679 0.2069918103085778 0.20350078443799097 0.2119398460126429 0.20744318046744392 0.20305764732541354 0.20087139019208822 0.19686354323125332 0.19490983644997456 0.19294478002672036 0.19097671509886585 0.19552437894350191 0.19197955114172335 0.19016677175192589 0.194321513813658 0.19103231545571223 0.19399185679977063 0.19229636278614756 0.19059786723536132 0.18890108552151014 0.18803602670201153 0.18670009249433367 0.21936242565958719 0.21606826990306874 0.21456353085883187 0.2130439868589119 0.2151870113005627 0.21371473296160198 0.21852686321051276 0.21708033630898932 0.21562449986180049 0.21370366506190022 0.21226418504239483 0.21082249502573458 0.20938102084885171 0.20710778244515593 0.20570924387407691 0.20464575809418958 0.20230510937529014 0.1997268680292984 0.19736363043679642 0.19614260449740606 0.19492185016473504 0.19269183510745944 0.21686827710741152 0.21610230078488907 0.21493988300031341 0.21449729110043442 0.21336090212941702 0.21107917641591176 0.20884364464225755 0.20861017823104797 0.22898293189777841 0.22752650042310088 0.22651367103896766 0.22423793749405521 0.22191901088972421 0.21973302883766729 0.21880909290626499 0.2166828162678586 0.21458870289451343 0.21307191373041429 0.21245340373770324 0.21047932044345696 0.20964092511429555 0.20998222987726006 0.22719655203211786 0.2251619874852982 0.22438673415363214 0.22241180159625315 0.22106797714072046 0.21962233536303924 0.22473807690317513 0.2230763271366541 0.22239319952253453 0.22169685982233447 0.22098866075250093 0.22484673924175977 0.22368555074748422 0.22210435972663969 0.22143311230342391 0.21959147718868854 0.22053617403342171 0.21879227348453351 0.21816508711183552 0.2175274238717444 0.21644599305291815 0.21480526303666342 0.21419161214392987 0.22781603615365276 0.22721588162309486 0.22660523132766733 0.22598501398017112 0.22535608899179344 0.22882803820180911 0.22786746998233462 0.22722523970191683 0.22556964214642031 0.22493718074679991 0.22331426754424294 0.22177726682410637 0.22286559475405759 0.22128453062984343 0.22008872942036906 0.21992205790660505 0.21936922051603236 0.2188092620252311 0.21824279049320733 0.2169710049675817 0.21640880914255514 0.21584115114163716 0.21586235007015384 0.21529311942432025 0.21476847402316496 0.22660621568659126 0.22553928601461873 0.22492803230867509 0.22392696904997716 0.22500770741171527 0.22360599256402508 0.2224177203170444 0.23326036289610319 0.23184460612068683 0.23134342959177961 0.22997929544817203 0.22856695956760131 0.2313814941716979 0.23085609833723519 0.2296867670257991 0.22922527219425076 0.22875719301963537 0.22801914554378175 0.22754472581739721 0.22706480311084179 0.22607782192664266 0.22559753517246361 0.22511255723249579 0.22384518135764311 0.22563113970672841 0.22515553270752528 0.22410930046107766 0.22285879323055768 0.22239714640894351 0.22193136510503395 0.22136406472775849 0.22090047464152776 0.22043327028238555 0.22000029170836857 0.21953210304093543 0.21840292869363995 0.21793989040431996 0.21747394705791503 0.21700532733239064 0.2165342443731339 0.2161550720016433 0.21844080825317985 0.21735898375008852 0.21644824861340697 0.21538913948971755 0.21444863959611216 0.21340787341502265 0.21223898863408919 0.21181292427722992 0.21079972603545669 0.20991557920552351 0.2094996900960199 0.2086944094412598 0.21770397780461806 0.2213482255921794 0.22025963629624726 0.21985578483375295 0.21881322323397642 0.21802837955600965 0.21938487324730321 0.21899225778222886 0.21859679843284752 0.21819867248999328 0.21723227178780108 0.21671410259099128 0.21608399544820253 0.21678763717319488 0.21583167154575983 0.21669884559975192 0.21949882968598561 0.21877569193838006 0.22393515205644082 0.22296839327010678 0.22482301025598714 0.22737387673337617 0.22698772047155727 0.22659897192685174 0.22620778609776337 0.22527069470700392 0.22449874306304096 0.22379081754299648 0.22341086701515703 0.22277948603021053 0.22397406387513591 0.22307789157250374 0.2227144534885451 0.23011045308805214 0.23104369696655963 0.23808482569213973 0.23773780645185302 0.23738775139329185 0.23703480815107059 0.23633360558362057 0.23631315751050821 0.23848526107080714 0.23813880162526629 0.23778961066425267 0.23743782301855743 0.2364935310546942 0.23557639054678281 0.23537312097365198 0.23503026438164246 0.23468501063097699 0.23433748013733108 0.23398778794917011 0.23363604628093004 0.23355503311948189 0.23268193291181719 0.23181711395885421 0.2312898688484637 0.23048967917224245 0.23015213711060575 0.22981269627950099 0.22895714206566944 0.23035071851775427 0.23680128396086864 0.23647484335359095 0.23614631093108915 0.23581578391764277 0.23548336267220998 0.23460520937214493 0.2342751977667055 0.23628865780568845 0.23596024565504403 0.23630817756857256 0.2382760559057793 0.23795234079902783 0.24398917433667769 0.24366844207933572 0.24334579190640557 0.24433340075295537 0.2434929728803425 0.24284261375366523 0.24212289066911263 0.2413700211754482 0.24200093640744499 0.24161600847231129 0.24130981830933357 0.24100178273163386 0.24019442125768281 0.23939232662584051 0.23908993497410413 0.23878581882766706 0.23848005600838296 0.23775167077382584 0.23744762405003078 0.23714205491254478 0.23635555916015141 0.23605215316191708 0.23551870646808612 0.23521638530311012 0.23515283138771234 0.23980090231977366 0.23983211030935719 0.23952618683956106 0.23935996420720626 0.23905535370560227 0.24050395050386669 0.240631527058391 0.24135392285654492 0.24062367087520675 0.24032499373629479 0.23963487007166762 0.23899555874831102 0.23825377430002753 0.23787641107808166 0.23758549756145705 0.23729334953919151 0.24263973302882313 0.2423496431257027 0.24476763674934221 0.24400497571556232 0.24913671600874054 0.24962321279066685 0.24885886405481086 0.24811281091576415 0.24737568912241931 0.2470982200510686 0.24635287916532406 0.24607705544359024 0.24532694064810939 0.24505276917156593 0.24477726212582018 0.244359583106216 0.2444521374129785 0.24372964437765368 0.24300806624219587 0.24246327384411728 0.24400830977126878 0.24343255979581002 0.24317469091217758 0.24503566976937957 0.24477527098842961 0.24451353408294113 0.24410969448760619 0.24344214549949483 0.24328008739404972 0.24270894537683255 0.24202557109642228 0.24134118750062006 0.24109184138363285 0.24577860482444694 0.2452469729515126 0.24503299388810623 0.24438185426345804 0.24370761202301106 0.24373740767694549 0.24823984480167735 0.24800791988984219 0.24777445853314856 0.24725269612211304 0.24686238600601434 0.24663225871831704 0.24638155194620273 0.24614916281872734 0.24752897496963067 0.24686621933026623 0.24658228390339984 0.24694491380655612 0.25126591397759068 0.2507171381654032 0.25049151712697965 0.24983346924408684 0.24946705917318715 0.24880387170080076 0.24987831759789009 0.25406162765815798 0.25340544321090436 0.25748667047580698 0.25727266197486365 0.25705704744127045 0.25713135713047619 0.25691543439372472 0.25624651624895012 0.25558544190887988 0.25537253228342849 0.25517658353327666 0.2546671543942905 0.25445324621366017 