# Created by Octave 5.1.0, Mon Mar 08 20:31:00 2021 +07 <phuloc@phuloc.ghostbsd-pc.home>
# name: error_cv
# type: matrix
# rows: 1
# columns: 3102
 6.3681008865280804 5.9360283243632948 6.7966373078983962 6.4807684195716782 7.6175775692419503 6.7126592218379049 0.88392230696045726 0.91035514352813596 0.93114161439459386 0.95009212791873521 0.965871281922979 0.67874368757754211 0.70600610848908318 0.7273122340746988 0.69947016955972385 0.61998169730811004 0.63719466418034021 0.64072144607958037 0.65812138893555205 0.67398843394377606 0.6885756217126966 0.65641914611314633 0.66937814978869403 0.60225236410856386 0.57568239572976654 0.5848193914848151 0.59361580320812835 0.60207396598958451 0.61020523803626048 0.61316928324179898 0.6210114881308999 0.62727178208086121 0.63462502343969385 0.58315785497828365 0.59038417812998245 0.57401859612149675 0.57422250941439612 0.57982899116036546 0.58025274014123285 0.58052494887998152 0.58605467013610124 0.5863486585575004 0.59108129800940967 0.56769045022420517 0.56788986133463504 0.56919668975747695 0.57403880167584942 0.57423030408472908 0.5631170673665894 0.56763283384751451 0.57206979792127477 0.55621146538554367 0.55633619581675864 0.56039770784185783 0.54852878211657552 0.54862092520412664 0.53378552981383864 0.53724788882053354 0.54067382044237544 0.5440600755675371 0.53537601611956076 0.52655937041861789 0.50958217035378695 0.50956694321944074 0.51216508241279335 0.51476516387250404 0.51005940102198088 0.51246307604960939 0.5014579338101276 0.50358924121289139 0.50572994069376576 0.5061871591647964 0.50836079290450198 0.51053226281329611 0.51269882541864287 0.51403179319860326 0.5161951874266969 0.51140909248399158 0.51138188902723525 0.50957874363569544 0.50950655788900789 0.51155563921851788 0.51359654793822107 0.51372757548497705 0.50202097473559038 0.50183181667084831 0.50356062670982904 0.49543868495817733 0.49703155672134242 0.49695126590609118 0.4968829048827989 0.49182800893457229 0.48426337103249406 0.4862637774673112 0.4875682370655875 0.48747673441619588 0.48746152613927429 0.48738447979440375 0.48870781676899944 0.48890484016703672 0.48890360261273375 0.49028802000988236 0.48968067093356793 0.48962273646674387 0.49102053657455058 0.48135271562840282 0.47510155276867067 0.47502676440001945 0.47613303098558474 0.47606684391581244 0.47350701797675127 0.47434718951121385 0.47018311644280664 0.47072138758378829 0.4716910330902746 0.47267658177055061 0.4736761669251443 0.47187497547966045 0.47213907616219991 0.47345804143876269 0.47440435555384186 0.4744387978341052 0.47226165484293359 0.47210099920865728 0.47300903867796568 0.47392971932177691 0.47140554977029658 0.47133758407303783 0.47223149952020033 0.46817938601634684 0.46895277427479232 0.46974014354834115 0.47054017566075568 0.47135165935024653 0.47115361242254256 0.4719714878424659 0.47277675350573506 0.47268051406711376 0.47349624598011242 0.4734854957692205 0.47342158701421455 0.46986054763941487 0.46963312422616998 0.46931903843535988 0.47252468299737344 0.47333124071359717 0.47414630624382353 0.47496902804899332 0.47547638176456686 0.47630717834134767 0.47714396386639496 0.47750526072013799 0.4783598346328945 0.479384437827441 0.4750875014052216 0.47587434074850427 0.47626127446275518 0.47750440622196877 0.47266430217089478 0.47295673429887519 0.47396433404158561 0.47071212340334079 0.47056359706153295 0.47118677410390997 0.4711300565343291 0.47109835845431558 0.46767340341833624 0.46606376531572785 0.46241395336221014 0.46295660596978588 0.46350871294238777 0.46504521749683475 0.46560892220869454 0.4661803225137589 0.46668568324683263 0.46726540656049842 0.46785161840377015 0.4678695980244843 0.46411929793058104 0.46464915467597656 0.46315910826267881 0.46319132610945918 0.46371982205499962 0.46425457989171681 0.46161013318447797 0.46213046005503283 0.46265652812517205 0.462380174826654 0.46291843637590169 0.46288570562729908 0.46342918219728613 0.46397710751392524 0.46452916619771245 0.46508507597264376 0.46706885776429047 0.46155337098087984 0.46151418107110659 0.46185112499546888 0.46264381389258891 0.46175683793774724 0.46171904647276191 0.46162734919086945 0.46214273852266602 0.46210850848171958 0.46243559489972341 0.46295617364830011 0.46230978376976783 0.45958691325357781 0.46172031414887527 0.46116898091082159 0.46163648332684676 0.46165804951984196 0.46137313431919008 0.45919437480453784 0.45964313412015684 0.46009618370285543 0.46055328554173369 0.46049696129178846 0.46213411683402494 0.46073049533122173 0.45763083621960915 0.45760911512935021 0.4557459108481754 0.45192604394389746 0.45157824585257272 0.44639443926701378 0.44637484399328298 0.44304876744508953 0.43854860747360358 0.43889971114295939 0.43925556041623837 0.43961591727986976 0.43955363581861884 0.43989888688723772 0.43914572644231836 0.43950590926208777 0.4367529887046383 0.4362628288978142 0.43668775153476602 0.43701858455324161 0.43545171901078378 0.43633085212681322 0.43507212378745858 0.43532514662185029 0.43558373060422112 0.43584762811853112 0.4344816394537302 0.43508637374659931 0.43334558259926464 0.43359149790644536 0.43384256952344791 0.4340985807417525 0.43407206973060963 0.43404879251493217 0.43355887680243654 0.43382293558124291 0.43409147981909518 0.434364337905007 0.43464130339943069 0.43492222309659734 0.43467270822289084 0.43464529051511142 0.43471310944348635 0.43249889686847859 0.43178707345244083 0.43206908586800363 0.43235470817334565 0.43220634407447028 0.43409453786006019 0.43287734947670986 0.43311527115720566 0.43335719303240783 0.43360293759655955 0.43385237457659059 0.43327664639274655 0.43352541147336876 0.43452630984285706 0.43475938990426166 0.43771514326480482 0.4337546499043195 0.43396459851617086 0.43303100205436051 0.433219353763654 0.43341164552932476 0.43267779960763109 0.4326540171900336 0.43282416316273431 0.43279969349969694 0.43246557449037937 0.42992222610587644 0.43007361990005283 0.43024369640297916 0.43041761631260733 0.43040216297475486 0.43038759479619293 0.43056547166806042 0.43074693799017333 0.43093186009522866 0.43068515029295856 0.43087143079297457 0.43106097004163235 0.43101366230295107 0.43120641667894133 0.43261517057629245 0.43281174408407203 0.43516080704953702 0.43721917199968086 0.43380402350472619 0.43397723795335141 0.4341589339268862 0.43432882812826823 0.43334138047302195 0.43161116044494058 0.42709803188423934 0.42697026883496686 0.42711340170210649 0.42693174511823145 0.42667776107221572 0.42667163580275791 0.42695296934849214 0.42710069054355498 0.42725136228493299 0.42656905547685725 0.42670383798047296 0.42810071577409187 0.42851329701341057 0.42797186065186987 0.42767509730154424 0.42756800867994416 0.42756124107552962 0.42749918542524318 0.42761432049742587 0.4276201448294108 0.42773849938469388 0.42777520103619138 0.42789705239304882 0.42802192915884107 0.42620550656963113 0.4254589297293524 0.42545274985473325 0.42538657306948191 0.42414696727590123 0.42283595909814164 0.4221223469293337 0.42221854223391325 0.42492524676115473 0.42502506545254215 0.42512797263891455 0.42519332605173943 0.4251021790939033 0.42192222430443788 0.42201600217059088 0.42201990951075663 0.42206167710999171 0.42215349261176599 0.42176982108727623 0.42152156878992125 0.42179539107101233 0.42134670959402581 0.42134852585710053 0.42266863857327019 0.42239299195846763 0.4224499377619258 0.42251022797250254 0.42295069377899103 0.42230269750076899 0.42236089829794288 0.42176123722648112 0.42182778807458254 0.41830378170723675 0.41830410450590699 0.41767282175487563 0.41718732561218907 0.41695740579500939 0.417179096741289 0.417227028830497 0.41722579014065625 0.41517382563031108 0.41518274031346908 0.41305000360126998 0.41287213244496918 0.41286647431196788 0.41275324838375643 0.41277489903973646 0.41279990050077758 0.41264102230634581 0.41266822570866996 0.41266225890837571 0.41265859303576241 0.41268916557328461 0.41429964222699506 0.41441126596489769 0.41444336845954782 0.41443786696762497 0.41447313303513283 